# Analysis of Bubble Sort
# Inputs-size   Best-case  Worst-case Average-case
         10        1500        1400        1500
       1010     1218300     2589600     2226700
       2010     4842400    10169300     9372100
       3010    11037900    22559100    22855900
       4010    19210800    39947100    42238100
       5010    30033800    63515300    68536200
       6010    45568400    90023300   101633600
       7010    58799100   123727700   143544600
       8010    77056800   161403400   190717800
       9010    97879500   205685900   242322600
      10010   120259000   257287800   304744000
      11010   145427100   303303900   370997100
      12010   173782100   363024200   447030300
      13010   203107300   430925900   524418900
      14010   236219400   489989900   617953400
      15010   271026000   569591100   706630500
      16010   307350000   708412700   815566200
      17010   349037700   727087200   918063000
      18010   390200400   817211800  1035000900
      19010   434281600   909639100  1162696600
      20010   479204700  1007073800  1284468200
      21010   528583100  1117646200  1423133100
      22010   583376700  1228140600  1564806200
      23010   651302200  1325571200  1722228400
      24010   693180200  1461228500  1882198900
      25010   750355200  1571246900  2065128800
      26010   816714200  1713251500  2259578500
      27010   874774800  1845382400  2406489700
      28010   944446500  2004168400  2583409900
      29010  1045208200  2217756200  2807563900
