# Analysis of Binary Search
# Inputs-size   Best-case  Worst-case Average-case
         10        1600        1000        1100
        110        1200        1100        1100
        210        1100        1200        1100
        310        1200        1100        1100
        410        1000        1100        1100
        510        1100        1100        1100
        610        1100        1300        1300
        710        1100        1300        1300
        810        1100        1200        1200
        910        1100        1200        1300
       1010        1000        1600        1100
       1110        1200        1100        1500
       1210        1200        1100        1300
       1310        1100        1200        1100
       1410        1100        1000        1400
       1510        1200        1100        1400
       1610        1100        1200        1200
       1710        1200        1300        1300
       1810        1200        1200        1300
       1910        1300        1100        1400
       2010        1200        1100        1300
       2110        1200        1200        1300
       2210        1200        1100        1400
       2310        1200        1300        1300
       2410        1100        1100        1200
       2510        1400        1200        1200
       2610        1200        1100        1300
       2710        1200        1200        1400
       2810        1300        1400        1600
       2910        1200        1100        1500
       3010        1200        1200        1400
       3110        1200        1100        1500
       3210        1200        1200        1300
       3310        1100        1200        1500
       3410        1200        1200        1300
       3510        1100        1300        1300
       3610        1100        1300        1300
       3710        1100        1300        1200
       3810        1200        1300        1600
       3910        1200        1500        1700
       4010        1100        1300        1400
       4110        1100        1400        1300
       4210        1100        1200        1700
       4310        1100        1300        1400
       4410        1100        1300        1500
       4510        1400        1200        1200
       4610        1300        1100        1100
       4710        1200        1400        1600
       4810        1200        1200        1400
       4910        1200        1200        1500
       5010        1200        1100        1600
       5110        1100        1200        1500
       5210        1200        1300        1500
       5310        1200        1200        1600
       5410        1200        1200        1600
       5510        1200        1200        1300
       5610        1300        1200        1200
       5710        1200        1200        1400
       5810        1100        1200        1400
       5910        1300        1200        1500
       6010        1400        1200        1500
       6110        1100        1200        1700
       6210        1200        1200        1300
       6310        1300        1200        1600
       6410        1200        1200        1500
       6510        1300        1200        1400
       6610        1200        1200        1400
       6710        1200        1200        1100
       6810        1200        1200        1600
       6910        1200        1300        1200
       7010        1200        1300        1300
       7110        1400        1300        1600
       7210        1400        1200        1200
       7310        1200        1200        1300
       7410        1200        1200        1500
       7510        1300        1200        1700
       7610        1200        1500        1400
       7710        1100        1200        1600
       7810        1100        1200        1600
       7910        1200        1200        1300
       8010        1200        1200        1700
       8110        1100        1300        1400
       8210        1200        1200        1800
       8310        1100        1300        1700
       8410        1200        1300        1600
       8510        1100        1300        1500
       8610        1100        1400        1500
       8710        1200        1200        1600
       8810        1200        1200        1500
       8910        1300        1300        1400
       9010        1500        1300        1400
       9110        1200        1300        1600
       9210        1200        1300        1500
       9310        1200        1300        1400
       9410        1400        1500        1500
       9510        1300        1300        1500
       9610        1100        1200        1700
       9710        1200        1300        1500
       9810        1200        1200        1500
       9910        1200        1200        2300
      10010        1200        1200        1600
      10110        1200        1300        1700
      10210        1200        1200        1500
      10310        1200        1300        1300
      10410        1200        1200        1400
      10510        1200        1200        1400
      10610        1200        1200        1700
      10710        1500        1200        1400
      10810        1200        1200        1500
      10910        1200        1200        3600
      11010        1500        1700        2000
      11110        1400        1300        1300
      11210        1200        1200        1700
      11310        1300        1200        1200
      11410        1300        1200        1600
      11510        1300        1200        1700
      11610        1100        1300        1400
      11710        1200        1200        1600
      11810        1200        1200        1500
      11910        1100        1300        1300
      12010        1200        1200        1900
      12110        1200        1200        1500
      12210        1300        1200        1600
      12310        1200        1500        1500
      12410        1200        1300        1700
      12510        1200        1300        1700
      12610        1100        1300        1700
      12710        1100        1300        1500
      12810        1200        1300        1700
      12910        1300        1200        1600
      13010        1400        1200        1500
      13110        1200        1300        1600
      13210        1300        1200        1400
      13310        1200        1200        1400
      13410        1200        1300        1900
      13510        1100        1300        1700
      13610        1400        1200        1600
      13710        1200        1300        1700
      13810        1200        1300        1600
      13910        1200        1300        1600
      14010        1100        1300        1200
      14110        1200        1500        1400
      14210        1200        1200        1900
      14310        1200        1300        1400
      14410        1200        1300        1500
      14510        1200        1200        1500
      14610        1200        1300        1700
      14710        1200        1200        1800
      14810        1100        1300        1900
      14910        1200        1200        1500
      15010        1200        1200        1400
      15110        1200        1200        1400
      15210        1100        1200        1600
      15310        1400        1300        1500
      15410        1100        1300        1600
      15510        1300        1200        1500
      15610        1100        1300        1300
      15710        1200        1300        1700
      15810        1200        1600        1700
      15910        1200        1200        1500
      16010        1200        1200        1700
      16110        1100        1400        1700
      16210        1300        1400        1700
      16310        1300        1200        1700
      16410        1300        1300        1200
      16510        1200        1200        1300
      16610        1200        1200        1600
      16710        1300        1300        1600
      16810        1300        1200        1600
      16910        1100        1200        1600
      17010        1200        1400        1600
      17110        1100        1200        1800
      17210        1100        1400        1800
      17310        1300        1300        1700
      17410        1100        1300        1400
      17510        1200        1300        1600
      17610        1200        1200        1600
      17710        1300        1200        1400
      17810        1200        1200        1900
      17910        1200        1200        1200
      18010        1200        1200        1800
      18110        1300        1200        1600
      18210        1200        1500        1700
      18310        1200        1600        1400
      18410        1200        1400        1800
      18510        1100        1400        1400
      18610        1200        1200        1300
      18710        1200        1300        1700
      18810        1200        1300        1800
      18910        1200        1300        1700
      19010        1300        1200        1600
      19110        1100        1300        1700
      19210        1200        1300        1900
      19310        1100        1300        1300
      19410        1100        1300        1500
      19510        1200        1300        1500
      19610        1300        1200        1600
      19710        1200        1200        1500
      19810        1300        1200        1600
      19910        1100        1300        1900
      20010        1100        1400        1600
      20110        1300        1200        1300
      20210        1200        1400        1200
      20310        1200        1200        1600
      20410        1200        1300        1600
      20510        1300        1300        1600
      20610        1200        1200        1400
      20710        1200        1200        1600
      20810        1200        1300        1700
      20910        1200        1300        1700
      21010        1200        1300        1600
      21110        1300        1300        1600
      21210        1300        1200        1500
      21310        1300        1200        1600
      21410        1200        1300        1900
      21510        1300        1300        1400
      21610        1200        1300        1900
      21710        1200        1300        1900
      21810        1200        1300        1400
      21910        1200        1200        1900
      22010        1100        1400        1400
      22110        1300        1500        1700
      22210        1300        1300        1700
      22310        1200        1500        1300
      22410        1200        1300        1300
      22510        1300        1300        1500
      22610        1200        1200        1700
      22710        1300        1200        1800
      22810        1200        1300        1400
      22910        1200        1300        1600
      23010        1200        1500        1600
      23110        1100        1400        1600
      23210        1200        1300        1500
      23310        1200        1200        1600
      23410        1200        1200        1400
      23510        1200        1200        1600
      23610        1100        1300        1500
      23710        1200        1400        1500
      23810        1100        1600        1800
      23910        1200        1200        1600
      24010        1200        1200        1700
      24110        1200        1300        1600
      24210        1300        1300        1500
      24310        1200        1400        1600
      24410        1300        1300        2100
      24510        1200        1200        1600
      24610        1200        1300        1500
      24710        1200        1300        1600
      24810        1200        1300        2100
      24910        1200        1200        1600
      25010        1200        1200        1400
      25110        1300        1200        1500
      25210        1200        1200        1500
      25310        1200        1200        1700
      25410        1200        1200        2100
      25510        1300        1300        1600
      25610        1400        1200        1600
      25710        1200        1200        1400
      25810        1200        1300        1900
      25910        1100        1300        1700
      26010        1300        1300        1600
      26110        1200        1300        1900
      26210        1300        1200        1500
      26310        1200        1300        1800
      26410        1200        1400        1500
      26510        1200        1200        1600
      26610        1200        1200        1600
      26710        1100        1300        1600
      26810        1200        1300        1600
      26910        1200        1200        1500
      27010        1200        1200        1800
      27110        1200        1300        1300
      27210        1300        1200        1600
      27310        1300        1300        1200
      27410        1100        1400        2000
      27510        1200        1200        1900
      27610        1200        1200        1700
      27710        1300        1300        1300
      27810        1200        1300        1200
      27910        1100        1300        1500
      28010        1200        1300        1300
      28110        1200        1200        1700
      28210        1200        1300        1700
      28310        1200        1400        1400
      28410        1200        1300        1600
      28510        1200        1300        1600
      28610        1200        1400        1400
      28710        1200        1200        1500
      28810        1200        1300        1600
      28910        1200        1200        1300
      29010        1200        1300        1400
      29110        1600        1300        1600
      29210        1400        1200        1900
      29310        1400        1200        1800
      29410        1400        1300        1600
      29510        1100        1300        1300
      29610        1300        1300        1500
      29710        1300        1200        1500
      29810        1200        1400        1700
      29910        1200        1600        1600
      30010        1200        1500        1600
      30110        1100        1400        1100
      30210        1300        1200        1600
      30310        1200        1300        1900
      30410        1200        1300        1700
      30510        1200        1200        1800
      30610        1200        1300        1600
      30710        1100        1400        1800
      30810        1300        1300        1600
      30910        1200        1200        1700
      31010        1200        1200        2000
      31110        1200        1300        1400
      31210        1300        1200        1500
      31310        1200        1300        1500
      31410        1300        1300        1700
      31510        1400        1300        1800
      31610        1400        1300        1700
      31710        1500        1300        1900
      31810        1300        1400        1900
      31910        1400        1300        1800
      32010        1200        1200        1700
      32110        1600        1300        1900
      32210        1200        1200        1700
      32310        1500        1300        2000
      32410        1300        1300        1800
      32510        1500        1200        1700
      32610        1400        1200        1700
      32710        1500        1200        1700
      32810        1400        1300        1900
      32910        1300        1400        1400
      33010        1300        1400        1700
      33110        1300        1200        1900
      33210        1200        1300        1800
      33310        1300        1400        1300
      33410        1400        1300        1500
      33510        1400        1300        1700
      33610        1200        1300        1700
      33710        1200        1500        1600
      33810        1200        1300        1700
      33910        1300        1300        1900
      34010        1300        1300        1700
      34110        1300        1300        1700
      34210        1300        1300        1200
      34310        1300        1300        1400
      34410        1200        1400        1700
      34510        1300        1300        2200
      34610        1200        1300        1600
      34710        1300        1300        2000
      34810        1200        1300        1500
      34910        1100        1300        1600
      35010        1300        1300        1700
      35110        1300        1300        1400
      35210        1300        1300        2100
      35310        1200        1400        1600
      35410        1200        1300        1800
      35510        1300        1300        1800
      35610        1300        1200        2000
      35710        1200        1200        1500
      35810        1200        1300        2100
      35910        1200        1300        1900
      36010        1300        1300        1500
      36110        1200        1400        1500
      36210        1200        1300        2200
      36310        1500        1300        1800
      36410        1300        1500        1400
      36510        1500        1300        1300
      36610        1200        1300        1700
      36710        1300        1300        1700
      36810        1200        1300        1600
      36910        1100        1300        1600
      37010        1100        1400        1500
      37110        1200        1300        1500
      37210        1200        1400        1900
      37310        1300        1300        1200
      37410        1900        2100        2200
      37510        1700        1700        1500
      37610        1200        1400        1700
      37710        1200        1200        2100
      37810        1400        1200        1400
      37910        1200        1500        1600
      38010        1300        1300        2000
      38110        1200        1300        1600
      38210        1200        1200        1900
      38310        1300        1300        1600
      38410        1400        1300        1700
      38510        1500        1200        1800
      38610        1400        1200        1700
      38710        1500        1300        1400
      38810        1200        1200        2100
      38910        1300        1300        1600
      39010        1100        1300        1700
      39110        1200        1300        1600
      39210        1300        1300        1700
      39310        1300        1300        1700
      39410        1300        1300        2100
      39510        1200        1300        1600
      39610        1200        1500        1700
      39710        1200        1300        1800
      39810        1300        1200        1400
      39910        1300        1300        1700
      40010        1300        1300        1700
      40110        1200        1300        1800
      40210        1100        1300        1500
      40310        1200        1300        2000
      40410        1300        1200        1700
      40510        1300        1300        2100
      40610        1300        1200        2100
      40710        1200        1300        2200
      40810        1300        1300        1800
      40910        1300        1200        1900
      41010        1200        1400        1800
      41110        1200        1400        1800
      41210        1200        1300        1900
      41310        1200        1400        1400
      41410        1200        1300        1800
      41510        1300        1300        1400
      41610        1200        1300        2000
      41710        1200        1200        1600
      41810        1100        1300        1800
      41910        1200        1300        2000
      42010        1200        1400        1700
      42110        1200        1300        1500
      42210        1300        1300        1600
      42310        1400        1200        1300
      42410        1200        1300        1600
      42510        1200        1300        1700
      42610        1300        1400        1800
      42710        1300        1300        1700
      42810        1300        1300        1600
      42910        1200        1400        1600
      43010        1200        1300        1700
      43110        1200        1400        1600
      43210        1200        1500        1500
      43310        1300        1300        1800
      43410        1200        1200        1600
      43510        1200        1300        1700
      43610        1200        1200        1600
      43710        1300        1300        1900
      43810        1300        1300        1400
      43910        1300        1300        2100
      44010        1200        1400        1700
      44110        1300        1300        2200
      44210        1200        1400        1600
      44310        1300        1300        1600
      44410        1300        1300        1700
      44510        1200        1300        1500
      44610        1200        1200        1700
      44710        1200        1300        2100
      44810        1200        1300        1500
      44910        1300        1200        1600
      45010        1300        1300        1900
      45110        1200        1300        1900
      45210        1300        1300        1500
      45310        1600        1300        1900
      45410        1200        1200        1800
      45510        1200        1300        1700
      45610        1600        1200        1900
      45710        1400        1300        1700
      45810        1400        1400        1900
      45910        1300        1200        1700
      46010        1500        1400        1800
      46110        1400        1300        1600
      46210        1500        1300        1800
      46310        1400        1300        1600
      46410        1500        1300        1700
      46510        1500        1200        1900
      46610        1200        1300        2000
      46710        1300        1300        1700
      46810        1600        1300        1700
      46910        1400        1200        1800
      47010        1600        1300        1100
      47110        1200        1300        1800
      47210        1100        1300        1600
      47310        1300        1300        1500
      47410        1200        1300        1800
      47510        1300        1300        1700
      47610        1200        1200        1700
      47710        1200        1600        1500
      47810        1300        1300        1600
      47910        1300        1300        1500
      48010        1300        1300        1900
      48110        1300        1300        1800
      48210        1300        1300        1600
      48310        1200        1400        1600
      48410        1200        1400        2100
      48510        1200        1300        2100
      48610        1100        1300        1900
      48710        1100        1200        1500
      48810        1200        1300        1700
      48910        1300        1300        2000
      49010        1100        1300        1600
      49110        1300        1200        1700
      49210        1300        1300        1900
      49310        1200        1400        2100
      49410        1200        1300        1400
      49510        1200        1300        1800
      49610        1300        1300        1600
      49710        1200        1300        1900
      49810        1300        1300        1700
      49910        1200        1300        1700
      50010        1200        1300        2200
      50110        1200        1300        1700
      50210        1300        1400        1700
      50310        1300        3900        1900
      50410        1200        1300        1700
      50510        1200        1300        1800
      50610        1300        1400        1600
      50710        1300        1400        1700
      50810        1300        1400        2100
      50910        1300        1300        2300
      51010        1300        1400        1900
      51110        1300        1200        1800
      51210        1300        1400        1800
      51310        1300        1300        2000
      51410        1200        1500        2000
      51510        1400        1400        2000
      51610        1300        1300        2200
      51710        1300        1600        1900
      51810        1200        1400        1900
      51910        1200        1400        1600
      52010        1200        1200        1900
      52110        1100        1300        2100
      52210        1300        1600        1600
      52310        1500        1500        2200
      52410        1200        1300        1400
      52510        1400        1400        1600
      52610        1300        1500        1500
      52710        1300        1300        1500
      52810        1300        1300        1800
      52910        1100        1300        1600
      53010        1300        1300        1800
      53110        1200        1300        1800
      53210        1200        1300        1500
      53310        1200        1400        1400
      53410        1200        1400        1400
      53510        1300        1300        1600
      53610        1200        1300        1800
      53710        1100        1300        1900
      53810        1400        1300        1400
      53910        1200        1500        1600
      54010        1300        1300        1700
      54110        1200        1400        1700
      54210        1300        1400        1700
      54310        1300        1400        2000
      54410        1200        1300        1700
      54510        1200        1300        1600
      54610        1300        1200        2100
      54710        1200        1400        1900
      54810        1300        1300        1300
      54910        1200        1500        2000
      55010        1300        1300        1900
      55110        1200        1300        1700
      55210        1200        1200        1600
      55310        1300        1300        1600
      55410        1200        1400        1700
      55510        1200        1300        1600
      55610        1300        1400        2200
      55710        1200        1400        1300
      55810        1200        1300        1800
      55910        1200        1400        1600
      56010        1200        1200        1500
      56110        1100        1300        1800
      56210        1300        1300        1700
      56310        1300        1200        1900
      56410        1200        1300        2000
      56510        1300        1400        1700
      56610        1300        1300        2000
      56710        1200        1300        2000
      56810        1300        1200        2100
      56910        1300        1300        1500
      57010        1200        1400        1400
      57110        1200        1300        1600
      57210        1200        1300        1800
      57310        1100        1300        1800
      57410        1300        1300        2000
      57510        1300        1300        1500
      57610        1100        1200        1900
      57710        1300        1400        1700
      57810        1200        1400        1900
      57910        1200        1300        1800
      58010        1100        1200        2100
      58110        1200        1300        1600
      58210        1700        1300        1600
      58310        1600        1300        1500
      58410        1100        1300        1600
      58510        1200        1300        1500
      58610        1200        1400        1800
      58710        1200        1300        1700
      58810        1300        1300        1900
      58910        1200        1300        1700
      59010        1300        1300        1600
      59110        1300        1400        1500
      59210        1200        1300        1700
      59310        1200        1300        2000
      59410        1300        1300        2100
      59510        1200        1500        1200
      59610        1300        1300        1400
      59710        1300        1300        1500
      59810        1200        1300        2100
      59910        1300        1200        1600
      60010        1300        1200        1500
      60110        1200        1300        1600
      60210        1300        1300        1700
      60310        1300        1300        1700
      60410        1200        1200        1800
      60510        1200        1400        1600
      60610        1300        1300        1500
      60710        1300        1300        1600
      60810        1200        1300        1700
      60910        1200        1300        1800
      61010        1200        1300        1700
      61110        1600        1200        1600
      61210        1300        1300        1600
      61310        1200        1300        1600
      61410        1200        1300        1400
      61510        1300        1400        1900
      61610        1200        1300        1800
      61710        1100        1300        1700
      61810        1300        1300        1500
      61910        1200        1300        1500
      62010        1300        1300        1600
      62110        1200        1400        1600
      62210        1300        1300        1600
      62310        1300        1300        1700
      62410        1100        1300        1900
      62510        1100        1300        1300
      62610        1300        1300        1500
      62710        1300        1300        1800
      62810        1300        1400        1700
      62910        1200        1400        1700
      63010        1300        1400        1800
      63110        1200        1300        2600
      63210        1600        1800        2000
      63310        2300        1400        1600
      63410        1200        1300        1800
      63510        1200        1300        1600
      63610        1300        1200        1300
      63710        1200        1700        1800
      63810        1300        1400        2000
      63910        1100        1400        1800
      64010        1200        1400        1800
      64110        1200        1400        1700
      64210        1200        1600        1700
      64310        1300        1400        1600
      64410        1200        1400        1300
      64510        1200        1400        1800
      64610        1200        1300        1800
      64710        1200        1300        1800
      64810        1200        1300        1600
      64910        1200        1300        1900
      65010        1200        1300        1600
      65110        1200        1400        1700
      65210        1300        1300        2200
      65310        1200        1400        1600
      65410        1300        1300        2100
      65510        1400        1300        1700
      65610        1200        1400        1600
      65710        1200        1400        1600
      65810        1200        1400        1800
      65910        1100        1300        1800
      66010        1200        1400        1800
      66110        1200        1300        2000
      66210        1300        1200        1700
      66310        1200        1300        1800
      66410        1200        1300        1700
      66510        1100        1300        1500
      66610        1200        1400        1800
      66710        1200        1300        1700
      66810        1100        1400        1400
      66910        1200        1300        1300
      67010        1300        1400        1500
      67110        1600        1300        1700
      67210        1300        1400        1800
      67310        1300        1300        1700
      67410        1600        1400        1600
      67510        1700        1400        1400
      67610        1200        1400        1700
      67710        1200        1300        1700
      67810        1300        1400        1800
      67910        1300        1300        2100
      68010        1200        1400        1800
      68110        1300        1200        1900
      68210        1500        1400        1700
      68310        1500        1400        1800
      68410        1300        1200        1400
      68510        1300        1300        1900
      68610        1200        1300        1800
      68710        1300        1400        1800
      68810        1200        1300        1900
      68910        1200        1400        1200
      69010        1300        1300        1600
      69110        1200        1400        1800
      69210        1300        1300        1900
      69310        1300        1400        2000
      69410        1400        1400        1600
      69510        1200        1300        1700
      69610        1300        1400        1700
      69710        1200        1400        1600
      69810        1100        1200        1700
      69910        1200        1400        1900
      70010        1200        1300        1600
      70110        1200        1300        1800
      70210        1200        1400        1700
      70310        1300        1400        2000
      70410        1200        1200        1900
      70510        1200        1400        2000
      70610        1300        1600        1700
      70710        1200        1600        1600
      70810        1400        1500        1600
      70910        1200        1500        1600
      71010        1300        1400        1900
      71110        1200        1600        2200
      71210        1200        1300        1800
      71310        1200        1400        1600
      71410        1100        1300        1700
      71510        1200        1300        1800
      71610        1300        1400        1700
      71710        1300        1300        1200
      71810        1300        1400        1700
      71910        1200        1400        1500
      72010        1200        1400        1400
      72110        1400        1300        1900
      72210        1100        1300        1800
      72310        1200        1400        1800
      72410        1200        1300        1600
      72510        1200        1300        2100
      72610        1200        1400        2300
      72710        1100        1400        1300
      72810        1200        1300        1700
      72910        1300        1300        1400
      73010        1300        1500        1700
      73110        1200        1400        1900
      73210        1100        1300        1800
      73310        1100        1300        1800
      73410        1200        1300        2000
      73510        1200        1400        2200
      73610        1200        1400        1500
      73710        1200        1300        1900
      73810        1300        1400        1900
      73910        1300        1400        1500
      74010        1100        1300        1700
      74110        1200        1300        1800
      74210        1300        1300        2100
      74310        1200        1300        1700
      74410        1300        1300        1800
      74510        1300        1300        1900
      74610        1200        1300        1800
      74710        1300        1300        1600
      74810        1300        1400        2100
      74910        1300        1400        1800
      75010        1200        1400        2000
      75110        1200        1300        1800
      75210        1200        1300        1800
      75310        1300        1300        1700
      75410        1300        1300        1700
      75510        1300        1300        1800
      75610        1400        1400        1900
      75710        1300        1300        1900
      75810        1200        1400        1900
      75910        1200        2100        1400
      76010        1300        1300        1900
      76110        1200        1300        1500
      76210        1300        1300        1600
      76310        1400        1300        1800
      76410        1500        1300        2000
      76510        1300        1300        1700
      76610        1300        1400        1700
      76710        1300        1300        2000
      76810        1600        1400        1900
      76910        1300        1400        1700
      77010        1300        1400        1600
      77110        1500        1300        1700
      77210        1300        1300        1800
      77310        1300        1200        1500
      77410        1200        1400        1900
      77510        1200        1400        1800
      77610        1300        1400        1800
      77710        1200        1400        1900
      77810        1200        1300        1500
      77910        1300        1400        1700
      78010        1300        1300        1300
      78110        1200        1200        2200
      78210        1300        1400        2000
      78310        1200        1400        1700
      78410        1200        1300        1700
      78510        1200        1300        1500
      78610        1300        1300        1400
      78710        1200        1400        1700
      78810        1300        1300        1500
      78910        1200        1400        1800
      79010        1300        1300        1700
      79110        1200        1300        1800
      79210        1300        1400        1600
      79310        1200        1400        1800
      79410        1300        1400        2100
      79510        1300        1300        1800
      79610        1300        1300        2000
      79710        1100        1300        1800
      79810        1400        1300        1800
      79910        1200        1400        1600
      80010        1200        1300        1900
      80110        1300        1300        1900
      80210        1200        1300        1900
      80310        1300        1300        1500
      80410        1200        1400        1700
      80510        1300        1300        2200
      80610        1300        1300        2100
      80710        1200        1400        2200
      80810        1200        1300        1700
      80910        1300        1400        1700
      81010        1300        1300        1800
      81110        1300        1400        2300
      81210        1300        1300        1600
      81310        1300        1300        1900
      81410        1300        1200        1900
      81510        1200        1300        1600
      81610        1200        1300        1900
      81710        1200        1500        1900
      81810        1200        1300        2000
      81910        1200        1300        2100
      82010        1200        1400        2000
      82110        1200        1300        1600
      82210        1200        1400        1600
      82310        1200        1300        2000
      82410        1300        1400        1700
      82510        1300        1400        1600
      82610        1300        1400        1800
      82710        1300        1400        2200
      82810        1200        1300        1900
      82910        1200        1300        1900
      83010        1200        1400        1500
      83110        1200        1400        1900
      83210        1200        1300        2000
      83310        1200        1300        1900
      83410        1300        1300        2000
      83510        1300        1300        2000
      83610        1200        1400        1800
      83710        1300        1500        1900
      83810        1300        1300        1800
      83910        1100        1400        2000
      84010        1300        1400        1600
      84110        1200        1400        1500
      84210        1300        1300        1700
      84310        1300        1400        1700
      84410        1200        1400        2000
      84510        1200        1500        1800
      84610        1100        1500        1700
      84710        1300        1300        1800
      84810        1200        1400        2200
      84910        1200        1300        1700
      85010        1200        1300        1800
      85110        1200        1400        1700
      85210        1300        1500        2000
      85310        1400        1300        2100
      85410        1200        1400        1700
      85510        1200        1300        1700
      85610        1300        1300        2200
      85710        1200        1400        1900
      85810        1300        1400        1800
      85910        1200        1500        1600
      86010        1300        1500        1600
      86110        1200        1300        1700
      86210        1200        1400        1500
      86310        1300        1500        2200
      86410        1300        1300        2100
      86510        1300        1300        2200
      86610        1200        1300        2000
      86710        1300        1300        1400
      86810        1200        1400        1700
      86910        1300        1400        1900
      87010        1200        1300        2200
      87110        1200        1400        1900
      87210        1200        1400        1600
      87310        1200        1300        1500
      87410        1300        1200        1900
      87510        1200        1400        1800
      87610        1100        1300        2100
      87710        1200        1500        1300
      87810        1300        1300        1300
      87910        1300        1400        1400
      88010        1300        1300        1900
      88110        1200        1400        1900
      88210        1200        1500        2000
      88310        1200        1400        1800
      88410        1200        1400        2200
      88510        1200        1300        1800
      88610        1300        2800        3000
      88710        1500        1700        2100
      88810        1200        1400        2000
      88910        1300        1400        1500
      89010        1200        1400        1700
      89110        1300        1400        1900
      89210        1200        1300        1700
      89310        1300        1300        2000
      89410        1200        1300        1900
      89510        1200        1400        1900
      89610        1300        1300        1600
      89710        1200        1300        1600
      89810        1300        1400        1500
      89910        1200        1300        1600
      90010        1200        1400        1600
      90110        1300        1600        1600
      90210        1200        1600        2000
      90310        1200        1400        1400
      90410        1200        1300        1800
      90510        1200        1400        1900
      90610        1300        1300        1600
      90710        1100        1300        1700
      90810        1200        1400        1500
      90910        1200        1400        1800
      91010        1200        1400        1800
      91110        1200        1300        1900
      91210        1200        1400        1700
      91310        1300        1300        1800
      91410        1100        1300        1600
      91510        1300        1300        1600
      91610        1200        1300        1900
      91710        1200        1300        2400
      91810        1300        1400        1600
      91910        1200        1300        2000
      92010        1200        1400        2000
      92110        1300        1300        1700
      92210        1300        1500        1700
      92310        1300        1500        1800
      92410        1100        1400        1900
      92510        1200        1400        2000
      92610        1200        1300        1600
      92710        1200        1300        1300
      92810        1200        1300        1700
      92910        1200        1400        2000
      93010        1200        1300        1500
      93110        1200        1400        1600
      93210        1300        1400        1700
      93310        1200        1500        1900
      93410        1200        1400        1500
      93510        1200        1300        2000
      93610        1200        1300        1900
      93710        1300        1400        1800
      93810        1300        1300        1700
      93910        1300        1200        1900
      94010        1200        1400        1800
      94110        1200        1300        1800
      94210        1200        1300        1500
      94310        1300        1400        1800
      94410        1200        1300        2000
      94510        1200        1400        1600
      94610        1200        1300        1800
      94710        1300        1300        1600
      94810        1400        1400        2300
      94910        1200        1300        1900
      95010        1300        1200        1700
      95110        1100        1300        1600
      95210        1500        1200        1700
      95310        1500        1400        1600
      95410        1300        1300        1700
      95510        1300        1300        1500
      95610        1100        1300        1800
      95710        1300        1300        1300
      95810        1300        1400        2000
      95910        1300        1300        2000
      96010        1300        1300        1700
      96110        1200        1300        2000
      96210        1200        1300        1600
      96310        1400        1300        2000
      96410        1300        1400        2000
      96510        1300        1300        2000
      96610        1300        1300        1700
      96710        1300        1400        1800
      96810        1100        1400        1700
      96910        1200        1400        2200
      97010        1200        1400        1900
      97110        1200        1500        1600
      97210        1100        1500        2000
      97310        1200        1500        1800
      97410        1300        1400        1900
      97510        1300        1400        1700
      97610        1200        1500        1500
      97710        1300        1400        2000
      97810        1200        1400        2100
      97910        1200        1300        2100
      98010        1200        1400        1600
      98110        1300        1300        1900
      98210        1300        1300        1600
      98310        1300        1400        2000
      98410        1300        1300        1800
      98510        1200        1500        2200
      98610        1300        1300        1700
      98710        1200        1400        1600
      98810        1300        1300        1800
      98910        1200        1400        2000
      99010        1300        1400        2000
      99110        1200        1400        1800
      99210        1200        1300        1800
      99310        1200        1400        1900
      99410        1200        1400        1700
      99510        1300        1500        1700
      99610        1300        1300        2000
      99710        1200        1300        1700
      99810        1200        1400        2000
      99910        1300        1300        2100
