# Analysis of Linear Search
# Inputs-size   Best-case  Worst-case Average-case
         10        1500        1200        1000
        110        1000        1400        1200
        210        1000        1600        1200
        310        1000        1700        1200
        410        1000        2100        1500
        510        1000        2300        1600
        610        1100        2400        1700
        710        1000        2700        1800
        810        1000        2900        2000
        910        1000        3200        2000
       1010        1000        3400        2200
       1110        1000        3800        2400
       1210        1000        3900        2500
       1310        1100        4100        2600
       1410        1000        4400        2700
       1510        1000        4500        2800
       1610        1000        5100        2900
       1710        1000        5100        3100
       1810        1000        5300        3200
       1910        1000        5600        3300
       2010        1000        5900        3400
       2110        1000        6100        3500
       2210        1000        6200        3600
       2310        1000        6500        3700
       2410        1100        6700        3900
       2510        1000        7000        4000
       2610        1000        7200        4000
       2710        1000        7500        4200
       2810        1000        7800        4300
       2910        1000        7900        4400
       3010        1100        8200        4400
       3110        1000        8400        4700
       3210        1000        8500        4800
       3310        1100        8800        4900
       3410        1000        9100        5000
       3510        1000        9200        5100
       3610        1000        9600        5300
       3710        1100        9700        5300
       3810        1000       10000        5600
       3910        1100       10200        5600
       4010        1000       10400        5800
       4110        1000       10800        5800
       4210        1100       11000        5900
       4310        1000       11300        6000
       4410        1000       11400        6200
       4510        1000       11600        6400
       4610        1000       11900        6500
       4710        1000       12100        6600
       4810        1000       12300        6700
       4910        1000       12600        6800
       5010        1000       12800        6900
       5110        1000       13000        7000
       5210        1000       13300        7100
       5310        1100       13600        7300
       5410        1000       13900        7400
       5510        1000       14100        7400
       5610        1000       14300        7700
       5710        1000       14400        7700
       5810        1000       14700        7800
       5910        1000       19700        7900
       6010        1000       15400        8100
       6110        1100       15400        8300
       6210        1000       15500        8400
       6310        1100       15800        8400
       6410        1000       16000        8600
       6510        1100       16400        8700
       6610        1000       16600        8900
       6710        1000       16700        8800
       6810        1000       17100        8900
       6910        1100       17300        9200
       7010        1000       17500        9300
       7110        1100       17800        9300
       7210        1000       18100        9500
       7310        1000       18200        9500
       7410        1000       18500        9700
       7510        1000       19000        9900
       7610        1000       19200       10000
       7710        1000       19200       10100
       7810        1000       19600       10200
       7910        1000       19700       10400
       8010        1000       19900       10400
       8110        1100       20000       10600
       8210        1000       20400       10800
       8310        1000       20500       10800
       8410        1100       21200       11000
       8510        1000       21500       10900
       8610        1100       21600       11100
       8710        1000       21600       11400
       8810        1100       23500       11300
       8910        1100       22000       11500
       9010        1000       22600       11700
       9110        1000       22500       11700
       9210        1000       22800       11800
       9310        1000       22700       12000
       9410        1100       23200       12100
       9510        1000       23200       12300
       9610        1000       23600       12300
       9710        1000       24100       12500
       9810        1100       24100       12700
       9910        1100       24300       12700
      10010        1100       24700       12700
      10110        1000       24800       12900
      10210        1000       25100       13000
      10310        1100       25400       13200
      10410        1100       25600       13300
      10510        1100       25800       13200
      10610        1000       26300       13500
      10710        1000       26300       13700
      10810        1000       26500       13800
      10910        1000       26800       13800
      11010        1000       27100       14000
      11110        1000       27300       14000
      11210        1000       32000       14200
      11310        1000       28000       14400
      11410        1100       27800       14500
      11510        1000       27900       14600
      11610        1100       28300       14700
      11710        1000       28500       14800
      11810        1000       29000       14900
      11910        1000       28900       15000
      12010        1000       29300       15300
      12110        1100       29300       15200
      12210        1000       29700       15400
      12310        1100       30000       15300
      12410        1000       30100       15500
      12510        1000       30500       15600
      12610        1000       30700       15800
      12710        1000       30900       16000
      12810        1000       31300       16000
      12910        1000       31500       16100
      13010        1000       31600       16400
      13110        1100       39200       16500
      13210        1100       34000       16500
      13310        1100       32300       16700
      13410        1100       32700       16800
      13510        1000       32800       17000
      13610        1000       33100       17000
      13710        1000       33200       17200
      13810        1000       33500       17200
      13910        1000       33700       17400
      14010        1000       33900       17700
      14110        1000       34200       17700
      14210        1000       34400       17800
      14310        1000       34700       17900
      14410        1000       35200       17900
      14510        1100       34900       18000
      14610        1000       35200       18200
      14710        1000       36000       18300
      14810        1000       36000       18600
      14910        1100       36300       22200
      15010        1000       36800       18500
      15110        1000       36700       18800
      15210        1100       36600       19000
      15310        1100       37000       19100
      15410        1000       37200       19100
      15510        1000       37500       19200
      15610        1100       37900       19300
      15710        1000       37900       19600
      15810        1100       38400       19600
      15910        1100       38600       19700
      16010        1100       38600       20000
      16110        1100       39000       20000
      16210        1100       39300       20100
      16310        1100       39300       20200
      16410        1000       39600       20400
      16510        1000       40000       22300
      16610        1000       40400       20700
      16710        1000       40300       20700
      16810        1000       40400       20900
      16910        1100       40800       21000
      17010        1100       41400       21100
      17110        1100       41400       21100
      17210        1000       41600       21400
      17310        1000       41900       21500
      17410        1000       42100       21600
      17510        1100       42100       21600
      17610        1100       42300       21700
      17710        1000       42500       21900
      17810        1000       43100       22100
      17910        1000       43100       22100
      18010        1000       47200       22300
      18110        1100       43400       22300
      18210        1000       43800       22300
      18310        1100       44100       22600
      18410        1000       44100       22600
      18510        1100       44900       22800
      18610        1100       44600       22900
      18710        1100       44800       23100
      18810        1100       45400       23300
      18910        1000       45600       23200
      19010        1100       45700       23500
      19110        1000       46200       23500
      19210        1000       46000       23600
      19310        1000       46300       23600
      19410        1000       51500       23900
      19510        1000       47500       23900
      19610        1000       47200       24100
      19710        1000       47400       24200
      19810        1000       47900       24400
      19910        1000       47800       24500
      20010        1100       47800       24500
      20110        1000       48200       24800
      20210        1100       48500       24800
      20310        1100       48900       24900
      20410        1100       48900       25000
      20510        1100       49300       25000
      20610        1000       49400       35700
      20710        1600       56100       25300
      20810        1100       50000       25600
      20910        1000       50100       25600
      21010        1100       50500       25700
      21110        1000       50600       25700
      21210        1000       51000       25900
      21310        1000       51000       26100
      21410        1000       51300       26200
      21510        1000       51500       26400
      21610        1000       51800       26500
      21710        1000       52200       26500
      21810        1000       52200       30100
      21910        1000       53500       26900
      22010        1000       52800       26900
      22110        1000       52900       27000
      22210        1000       53100       27100
      22310        1100       53800       27300
      22410        1000       53700       27300
      22510        1100       54100       27600
      22610        1000       54100       27600
      22710        1000       54200       27700
      22810        1100       54700       27900
      22910        1000       54800       27900
      23010        1000       58800       28200
      23110        1000       55100       28300
      23210        1000       55700       28200
      23310        1000       55700       28600
      23410        1100       55900       28500
      23510        1000       56400       28600
      23610        1000       56500       28700
      23710        1000       57000       29100
      23810        1000       57100       29200
      23910        1000       57200       29000
      24010        1000       57800       29500
      24110        1000       59600       29400
      24210        1100       58800       29600
      24310        1000       58200       29700
      24410        1100       58500       29700
      24510        1000       58900       29600
      24610        1000       58800       30000
      24710        1000       59300       30000
      24810        1000       59300       30100
      24910        1000       59500       30300
      25010        1000       60100       30500
      25110        1100       60300       30600
      25210        1000       64900       30700
      25310        1000       60600       30800
      25410        1000       60800       30900
      25510        1100       62100       30900
      25610        1000       61200       31200
      25710        1000       61400       31200
      25810        1000       61800       31300
      25910        1100       61800       31400
      26010        1100       62100       31400
      26110        1000       62400       31800
      26210        1000       64800       31800
      26310        1100       63100       31900
      26410        1100       63100       32000
      26510        1000       63300       32300
      26610        1000       63500       32300
      26710        1100       63900       32300
      26810        1100       64100       32600
      26910        1000       64300       32600
      27010        1000       64400       32800
      27110        1000       65000       33000
      27210        1000       70200       33100
      27310        1100       65200       33100
      27410        1000       65400       33200
      27510        1100       65400       33500
      27610        1100       65900       33400
      27710        1100       66500       33600
      27810        1100       66200       33800
      27910        1100       66400       33700
      28010        1000       66500       33900
      28110        1000       68300       34100
      28210        1100       67200       34100
      28310        1100       67700       34200
      28410        1100       67600       34300
      28510        1000       68000       34600
      28610        1100       68100       34700
      28710        1000       68600       34600
      28810        1100       68900       35000
      28910        1100       69200       35000
      29010        1000       69300       39100
      29110        1000       70500       35300
      29210        1000       69500       35200
      29310        1100       70000       35500
      29410        1000       70000       35600
      29510        1000       70500       35700
      29610        1000       70800       35900
      29710        1000       70800       36200
      29810        1100       70700       36100
      29910        1100       71200       39200
      30010        1000       72800       36400
      30110        1000       71900       36500
      30210        1100       71600       36600
      30310        1100       72300       36600
      30410        1000       72500       36700
      30510        1100       73000       36700
      30610        1000       72800       36900
      30710        1100       73400       37300
      30810        1100       88500       37300
      30910        1000       73800       37300
      31010        1000       73700       37300
      31110        1000       74300       37500
      31210        1000       74300       37600
      31310        1100       74600       37800
      31410        1000       74900       37600
      31510        1100       75400       38200
      31610        1100       75400       38300
      31710        1000       77800       38300
      31810        1000       76200       38400
      31910        1000       75800       38400
      32010        1000       76600       38700
      32110        1100       76600       38800
      32210        1000       76800       38800
      32310        1000       77100       39100
      32410        1000       77600       39000
      32510        1100       81500       39300
      32610        1100       77600       39400
      32710        1100       78100       39500
      32810        1200       78200       39600
      32910        1200       78200       39800
      33010        1200       78500       39700
      33110        1300       79000       39900
      33210        1200       79100       40100
      33310        1200       81300       40200
      33410        1200       79500       40300
      33510        1200       79400       40400
      33610        1200       79600       40400
      33710        1200       80100       40400
      33810        1200       80500       40900
      33910        1100       80700       40800
      34010        1200       81900       40800
      34110        1200       90700       41100
      34210        1200       81500       41300
      34310        1200       81800       41000
      34410        1200       81900       41300
      34510        1200       82400       41500
      34610        1300       82600       41700
      34710        1200       82500       41800
      34810        1200       82700       42000
      34910        1200       84100       42100
      35010        1200       83500       42000
      35110        1200       83800       42200
      35210        1200       83900       42400
      35310        1200       83900       42600
      35410        1200       84000       42600
      35510        1200       84500       42600
      35610        1300       88600       43000
      35710        1100       85000       43000
      35810        1200       84900       43000
      35910        1200       85400       43200
      36010        1200       85500       43400
      36110        1300       85600       43400
      36210        1200       86400       43500
      36310        1200       86500       43600
      36410        1200       86900       43600
      36510        1200       87000       43900
      36610        1200       87000       44100
      36710        1400       87200       44000
      36810        1300       87400       44200
      36910        1200       87700       44300
      37010        1200       87900       44500
      37110        1400       93000       44300
      37210        1200       88500       44800
      37310        1200       88900       44800
      37410        1200       89000       45000
      37510        1200       89100       45000
      37610        1200       89500       45000
      37710        1200       89600       45300
      37810        1200       91800       45500
      37910        1200       90000       45600
      38010        1200       90200       45700
      38110        1200       90600       45600
      38210        1200       90800       45900
      38310        1200       91500       46000
      38410        1200       91600       46000
      38510        1200       96000       46400
      38610        1200       91700       46400
      38710        1200       92100       46500
      38810        1200       92200       46500
      38910        1200       92300       46800
      39010        1200       92500       46800
      39110        1200       92800       46800
      39210        1200       95200       47000
      39310        1200       93400       47100
      39410        1200       93300       47300
      39510        1200       93800       47400
      39610        1200       94200       47700
      39710        1200       94500       47800
      39810        1200       94400       47700
      39910        1200       99500       48000
      40010        1300       95200       48000
      40110        1200       95400       48000
      40210        1200       95500       48300
      40310        1200       95600       48300
      40410        1200       95800       48400
      40510        1200       96100       53100
      40610        1200       96900       48600
      40710        1200       96800       48700
      40810        1200       97000       49000
      40910        1200       97400       49100
      41010        1200       97000       49200
      41110        1200       97600       49300
      41210        1200      101600       49400
      41310        1200       97700       49700
      41410        1200       98300       49600
      41510        1200       98500       49900
      41610        1200       99000       49900
      41710        1200       99100       50100
      41810        1300       99400       51000
      41910        1200      100400       50200
      42010        1500       99800       50300
      42110        1100       99700       50500
      42210        1200      100400       50600
      42310        1200      100400       50400
      42410        1200      100800       50900
      42510        1200      105200       50900
      42610        1200      102500       51100
      42710        1200      101600       51000
      42810        1200      101700       51400
      42910        1200      102000       51300
      43010        1400      101600       51500
      43110        1300      105600       51700
      43210        1200      102800       51800
      43310        1200      102900       52000
      43410        1200      103100       52100
      43510        1200      103200       52000
      43610        1200      103700       52300
      43710        1200      103700       56300
      43810        1200      104500       52500
      43910        1400      104200       52500
      44010        1200      122900       52700
      44110        1200      104500       52800
      44210        1200      105300       52700
      44310        1200      105000       54700
      44410        1200      106500       53100
      44510        1200      105600       53200
      44610        1200      106100       53500
      44710        1200      106100       53800
      44810        1200      106400       53800
      44910        1200      106600       58000
      45010        1300      108300       53900
      45110        1200      107000       54000
      45210        1200      107300       54100
      45310        1200      107700       54100
      45410        1200      108000       54400
      45510        1200      108300       56200
      45610        1300      108200       54600
      45710        1200      108200       54800
      45810        1200      108800       54500
      45910        1200      109000       54900
      46010        1200      109100       55200
      46110        1200      109500       58600
      46210        1200      109600       55200
      46310        1200      109500       55600
      46410        1200      110000       55700
      46510        1200      110000       55700
      46610        1300      110500       55700
      46710        1200      112300       55900
      46810        1200      111100       56100
      46910        1200      111500       56000
      47010        1600      111500       56300
      47110        1200      111300       56300
      47210        1200      111800       56500
      47310        1200      116800       56600
      47410        1200      112500       56500
      47510        1200      112400       56600
      47610        1200      112500       56800
      47710        1200      113200       56800
      47810        1200      113100       57200
      47910        1200      118400       57000
      48010        1300      113900       57400
      48110        1200      114300       57500
      48210        1200      114200       57400
      48310        1200      114500       57500
      48410        1300      114700       61800
      48510        1100      115800       57900
      48610        1200      115200       58200
      48710        1300      115400       58000
      48810        1200      115800       58400
      48910        1200      115700       58400
      49010        1200      118800       58400
      49110        1200      116300       58600
      49210        1200      116500       59000
      49310        1300      116900       59000
      49410        1200      117000       58900
      49510        1200      117500       63000
      49610        1200      117600       59400
      49710        1200      117700       59400
      49810        1400      118000       59500
      49910        1200      118200       59600
      50010        1200      118200       59800
      50110        1200      123400       59900
      50210        1200      119400       59900
      50310        1200      119200       60200
      50410        1300      119400       60100
      50510        1200      119600       60300
      50610        1200      134300       60900
      50710        1400      120200       60600
      50810        1200      120700       60500
      50910        1200      120700       60900
      51010        1200      121100       60800
      51110        1200      122500       63000
      51210        1200      121200       61200
      51310        1200      121600       61200
      51410        1200      122300       61300
      51510        1200      121900       61500
      51610        1200      122200       61600
      51710        1200      127700       61800
      51810        1200      123200       61800
      51910        1200      123300       61900
      52010        1200      124100       62100
      52110        1200      123400       62300
      52210        1200      125800       62300
      52310        1200      124000       62100
      52410        1200      124500       62600
      52510        1200      124300       62600
      52610        1300      124300       62700
      52710        1300      128700       62800
      52810        1200      125300       62800
      52910        1200      125400       63000
      53010        1300      125200       63300
      53110        1300      125900       63400
      53210        1400      126200       66200
      53310        1200      144400       63500
      53410        1200      126700       63600
      53510        1200      126600       63900
      53610        1200      127400       64100
      53710        1200      127300       68000
      53810        1200      127700       64100
      53910        1200      128100       64200
      54010        1200      128100       64300
      54110        1200      128200       64300
      54210        1200      128500       66200
      54310        1300      128800       64900
      54410        1200      129600       64900
      54510        1200      129400       64700
      54610        1200      129300       65200
      54710        1200      130100       68600
      54810        1300      129900       65400
      54910        1200      131100       65600
      55010        1200      130400       65700
      55110        1200      130700       65800
      55210        1200      130700       67500
      55310        1300      131600       65800
      55410        1200      130900       66100
      55510        1200      131900       66200
      55610        1200      131800       66300
      55710        1200      136800       66800
      55810        1200      132900       66400
      55910        1200      132700       66600
      56010        1300      132600       66600
      56110        1200      133400       66800
      56210        1200      135000       67200
      56310        1300      133800       67100
      56410        1200      133500       67200
      56510        1300      133800       67300
      56610        1200      134600       67500
      56710        1200      138300       67800
      56810        1200      135600       67900
      56910        1200      134700       67600
      57010        1200      135400       68000
      57110        1300      135600       68100
      57210        1200      137900       68000
      57310        1300      135800       68100
      57410        1200      136100       68500
      57510        1200      136200       68600
      57610        1200      136700       85000
      57710        1300      139400       68700
      57810        1300      137700       68900
      57910        1200      137200       69100
      58010        1200      138200       69100
      58110        1200      142200       69300
      58210        1200      138800       69100
      58310        1200      138200       69400
      58410        1200      138200       69600
      58510        1300      138500       69500
      58610        1200      143900       69400
      58710        1200      140000       69900
      58810        1200      139400       70100
      58910        1200      140100       70100
      59010        1200      140400       72800
      59110        1200      139800       70400
      59210        1200      140300       70700
      59310        1200      140700       70500
      59410        1200      141000       70700
      59510        1200      145800       71000
      59610        1200      142900       70900
      59710        1300      141200       71200
      59810        1200      141900       71300
      59910        1200      142200       73200
      60010        1200      142500       71500
      60110        1200      142300       71400
      60210        1200      143000       71400
      60310        1200      142700       72000
      60410        1200      147900       72000
      60510        1200      143000       72200
      60610        1200      144400       72100
      60710        1200      144200       72400
      60810        1200      144800       74000
      60910        1200      144400       72300
      61010        1200      145100       72500
      61110        1200      144900       72800
      61210        1300      160900       72800
      61310        1200      150400       73000
      61410        1200      145300       73100
      61510        1200      146100       73200
      61610        1200      146700       73100
      61710        1200      146100       75800
      61810        1300      146300       73600
      61910        1200      146400       73700
      62010        1300      146600       73700
      62110        1400      147700       73900
      62210        1200      152500       73900
      62310        1200      147400       73900
      62410        1300      147500       74000
      62510        1300      147900       74500
      62610        1200      155400       74400
      62710        1200      148400       74700
      62810        1200      148700       74800
      62910        1200      148600       74800
      63010        1200      149400       78300
      63110        1200      149300       75000
      63210        1200      149500       75200
      63310        1200      150700       75400
      63410        1300      150800       75300
      63510        1200      152800       75600
      63610        1200      150900       75700
      63710        1200      151500       75600
      63810        1200      151100       75800
      63910        1200      156100       76200
      64010        1200      151800       76100
      64110        1200      151700       76200
      64210        1200      151900       76400
      64310        1200      152300       78000
      64410        1200      153300       76600
      64510        1500      153400       76500
      64610        1200      153500       76900
      64710        1200      153100       95400
      64810        1200      154100       76900
      64910        1200      154000       77300
      65010        1200      154100       77400
      65110        1200      154700       77600
      65210        1200      160200       77500
      65310        1200      155300       77600
      65410        1300      154900       77600
      65510        1200      155200       78000
      65610        1200      160800       78100
      65710        1300      156300       78200
      65810        1200      155600       78000
      65910        1200      156100       78300
      66010        1200      160700       78500
      66110        1300      156500       78900
      66210        1200      156600       78600
      66310        1200      157200       78700
      66410        1300      162000       78800
      66510        1200      158300       78900
      66610        1200      157600       79000
      66710        1200      157700       79400
      66810        1200      161500       79200
      66910        1200      159100       79700
      67010        1200      159600       79800
      67110        1200      159400       79800
      67210        1200      159600       83600
      67310        1600      159900       79900
      67410        1200      160400       79800
      67510        1200      160400       80000
      67610        1400      160100       83200
      67710        1200      161000       80300
      67810        1200      160500       80400
      67910        1200      161100       80800
      68010        1200      161100       84400
      68110        1200      161800       80600
      68210        1200      162700       81000
      68310        2200      169600       81400
      68410        1200      162400       82800
      68510        1200      162800       81400
      68610        1200      163700       81500
      68710        1200      162900       81700
      68810        1200      163400       85600
      68910        1200      163800       81800
      69010        1200      163900       82200
      69110        1300      163900       82400
      69210        1200      165600       82400
      69310        1200      164500       82300
      69410        1200      164700       82700
      69510        1200      165600       82500
      69610        1200      169300       82800
      69710        1200      165700       83000
      69810        1200      165800       82600
      69910        1300      166100       82700
      70010        1300      169500       83300
      70110        1400      166200       83500
      70210        1200      166900       83300
      70310        1200      166900       83400
      70410        1200      171900       83600
      70510        1200      166700       83700
      70610        1200      167900       83800
      70710        1200      168300       84000
      70810        1200      170800       84200
      70910        1200      167700       84400
      71010        1200      169100       84400
      71110        1200      169000       84700
      71210        1300      174400       84600
      71310        1200      169400       84600
      71410        1300      169100       84900
      71510        1200      169700       86300
      71610        1200      170900       85100
      71710        1200      169700       85100
      71810        1200      170500       85300
      71910        1200      170500       89300
      72010        1200      171300       85200
      72110        1200      170500       85300
      72210        1200      172300       86000
      72310        1200      178200       85900
      72410        1200      170900       86000
      72510        1200      171800       86100
      72610        1200      171700       86100
      72710        1200      177600       86400
      72810        1200      172700       86400
      72910        1200      172800       86900
      73010        1200      173500       86700
      73110        1200      174800       86600
      73210        1200      173900       86900
      73310        1300      174600       87000
      73410        1200      174200       90600
      73510        1200      174900       87300
      73610        1200      175100       87500
      73710        1200      174600       87200
      73810        1200      179600       87700
      73910        1500      175000       87800
      74010        1200      175200       88000
      74110        1200      175800       88000
      74210        1300      181200       88200
      74310        1600      175800       88200
      74410        1200      177300       88200
      74510        1500      176300       91300
      74610        1200      177100       88600
      74710        1400      186400       88600
      74810        1300      176700       88400
      74910        1200      181800       88800
      75010        1300      178200       88800
      75110        1200      177900       89000
      75210        1200      178500       89200
      75310        1200      180300       89400
      75410        1200      178500       89700
      75510        1200      179200       89400
      75610        1200      179700       93300
      75710        1300      179700       89900
      75810        1200      180700       90000
      75910        1200      179900       90100
      76010        1200      182200       90100
      76110        1200      180400       90100
      76210        1200      181000       90300
      76310        1300      180500       90700
      76410        1200      199500       90600
      76510        1300      181700       90600
      76610        1200      181600       90900
      76710        1200      186100       91000
      76810        1200      181600       91300
      76910        1200      182400       91500
      77010        1200      182000       91400
      77110        1200      189100       91900
      77210        1200      182300       91500
      77310        1300      183700       91800
      77410        1200      183500       95200
      77510        1200      184300       91700
      77610        1200      184300       92300
      77710        1200      185400       92400
      77810        1200      203400       91900
      77910        1200      185200       92600
      78010        1300      185300       92900
      78110        1200      186500       92600
      78210        1200      185700       93300
      78310        1200      186300       92800
      78410        1200      186100       93300
      78510        1200      192900       93100
      78610        1200      187000       93600
      78710        1200      187500       93600
      78810        1200      190700       93800
      78910        1200      187800       93500
      79010        1200      195500       93600
      79110        1200      187700       93800
      79210        1200      188400       93700
      79310        1200      188000       97100
      79410        1300      188400       94300
      79510        1200      188700       94200
      79610        1200      189500       94500
      79710        1200      194300       94900
      79810        1200      188900       94700
      79910        1200      188900       94600
      80010        1200      190600       98200
      80110        1200      189900       95000
      80210        1300      197500       95200
      80310        1200      190600       95400
      80410        1200      190500       95200
      80510        1200      190300       97200
      80610        1200      190500       95800
      80710        1200      190500       96000
      80810        1200      191700       95800
      80910        1200      197700       96300
      81010        1200      192300       95500
      81110        1200      192300       95800
      81210        1200      200600       96100
      81310        1200      192700       96200
      81410        1200      192600       96400
      81510        1200      193100       96500
      81610        1300      198100       96800
      81710        1300      193800       96800
      81810        1200      193000       96800
      81910        1200      196900       97100
      82010        1200      194800       96800
      82110        1500      194000       97400
      82210        1200      195200      101200
      82310        1300      195100       97500
      82410        1200      195200       97800
      82510        1200      195800       98000
      82610        1200      197700       98000
      82710        1200      197700       98500
      82810        1200      196300       98000
      82910        1300      202200       98400
      83010        1200      196700       98600
      83110        1200      196800       98600
      83210        1200      198100      101900
      83310        1200      197600       98700
      83410        1200      197700       99000
      83510        1300      198000       98700
      83610        1300      199500       98900
      83710        1200      198700       98700
      83810        1200      198600       99400
      83910        1200      200600       99500
      84010        1200      198900       99600
      84110        1400      200100       99700
      84210        1200      203800      100000
      84310        1200      199300      100000
      84410        1200      200300      100000
      84510        1200      200300      102000
      84610        1300      199900      100400
      84710        1300      201100      100100
      84810        1200      200200      100500
      84910        1500      205800      100700
      85010        1200      202700      100800
      85110        1300      202000      100800
      85210        1200      204700      100700
      85310        1300      202000      101000
      85410        1200      203500      101400
      85510        1300      207600      101200
      85610        1200      202800      101600
      85710        1200      204000      101500
      85810        1200      204900      101800
      85910        1300      203500      101500
      86010        1300      203700      102000
      86110        1200      204700      105400
      86210        1200      204300      102400
      86310        1200      204500      102400
      86410        1200      204700      102500
      86510        1200      230900      102500
      86610        1200      205100      102800
      86710        1200      205300      102800
      86810        1300      211500      102700
      86910        1200      205400      103000
      87010        1200      206600      102900
      87110        1200      207500      103300
      87210        1300      206500      103200
      87310        1200      206600      103600
      87410        1200      212300      103900
      87510        1300      208500      103500
      87610        1200      207800      103900
      87710        1200      209600      103900
      87810        1200      207800      104100
      87910        1200      208600      104300
      88010        1200      209000      107900
      88110        1200      209500      104500
      88210        1200      209200      104700
      88310        1200      209500      107400
      88410        1200      209200      104800
      88510        1200      210100      104600
      88610        1200      210200      108500
      88710        1200      210000      104900
      88810        1200      210800      105200
      88910        1300      210500      105700
      89010        1200      212200      105500
      89110        1200      210800      105400
      89210        1200      211900      105700
      89310        1300      216100      106000
      89410        1200      211600      105900
      89510        1200      212100      106000
      89610        1200      216700      106300
      89710        1200      212400      106200
      89810        1200      212100      106100
      89910        1200      218000      106600
      90010        1200      213600      106600
      90110        1200      213800      106600
      90210        1200      216300      106700
      90310        1200      214900      106800
      90410        1300      214500      107400
      90510        1400      220900      107100
      90610        1300      215000      106900
      90710        1200      214900      107200
      90810        1200      217200      107700
      90910        1200      215700      107500
      91010        1200      216800      107800
      91110        1200      221300      107800
      91210        1200      216500      108300
      91310        1200      216200      108300
      91410        1200      218500      108400
      91510        1200      216700      108200
      91610        1200      216600      108700
      91710        1200      223500      108700
      91810        1200      217700      108800
      91910        1200      217900      108600
      92010        1200      220000      108700
      92110        1200      219300      108900
      92210        1200      219200      109400
      92310        1200      225900      109400
      92410        1200      219800      109500
      92510        1200      219900      109400
      92610        1200      224300      109700
      92710        1200      219500      109800
      92810        1200      220700      109700
      92910        1200      225700      110100
      93010        1200      221300      110000
      93110        1200      220600      110400
      93210        1200      225800      110600
      93310        1200      220500      110400
      93410        1200      221300      110900
      93510        1200      227600      110500
      93610        1200      221200      110900
      93710        1200      222000      111100
      93810        1300      225600      111000
      93910        1200      222400      111200
      94010        1300      222700      111600
      94110        1300      227400      111300
      94210        1600      223200      111400
      94310        1200      223300      111800
      94410        1200      225300      111900
      94510        1200      223900      112100
      94610        1200      224500      121200
      94710        1200      224900      112100
      94810        1200      225900      112300
      94910        1200      224500      115200
      95010        1200      225300      112400
      95110        1200      225800      112900
      95210        1200      225500      116400
      95310        1200      226400      113100
      95410        1500      226100      113100
      95510        1300      243800      113000
      95610        1200      227200      113100
      95710        1200      227000      113600
      95810        1200      235400      113500
      95910        1200      227200      113500
      96010        1200      227200      113700
      96110        1200      229500      113500
      96210        1200      228300      113900
      96310        1200      227700      113900
      96410        1200      232900      114500
      96510        1200      228800      114300
      96610        1200      228600      114400
      96710        1200      230500      114400
      96810        1200      229700      114600
      96910        1200      230200      119300
      97010        1200      230200      114900
      97110        1200      229900      114800
      97210        1200      230800      116800
      97310        1200      229500      115200
      97410        1200      230300      115400
      97510        1200      237100      115500
      97610        1200      231800      115500
      97710        1200      231700      115900
      97810        1300      235900      115800
      97910        1200      232300      116000
      98010        1400      232000      116000
      98110        1200      238300      116000
      98210        1200      232700      116000
      98310        1200      233200      116200
      98410        1200      237100      116500
      98510        1200      234400      116300
      98610        1200      233700      121500
      98710        1300      233600      117200
      98810        1200      234000      116900
      98910        1500      236500      117100
      99010        1300      234300      116900
      99110        1200      235600      117300
      99210        1300      241500      117300
      99310        1200      235300      117500
      99410        1200      235700      117500
      99510        1200      237600      117600
      99610        1200      236400      118200
      99710        1200      235800      121600
      99810        1200      236400      118000
      99910        1200      236900      118000
