# Analysis of Selection Sort
# Inputs-size   Best-case  Worst-case Average-case
         10        1500        1400        1400
       1010     1186600     1149800     1230200
       2010     4693400     4631400     4813000
       3010    10733800    10468100    10756700
       4010    18936300    17975900    19155600
       5010    29670000    28719600    30042900
       6010    41910500    40586600    43161000
       7010    61119900    54520800    57292100
       8010    74606600    71652900    74619200
       9010    93929500    90268400    94839200
      10010   115804700   111910300   117230300
      11010   141667900   135064300   141350400
      12010   166917400   163728200   167773400
      13010   195427600   188098400   196395700
      14010   227309300   218128600   227562300
      15010   260298500   251116300   261700600
      16010   299850800   284820500   299238100
      17010   334687800   321031300   335706000
      18010   378075700   364227200   376811700
      19010   418247500   402698600   420252900
      20010   465891300   446945400   465632100
      21010   512633000   501734200   522299500
      22010   570407700   543168600   566815500
      23010   612717300   597882800   649350200
      24010   667490300   644970600   676364000
      25010   724407400   696555900   740516200
      26010   784862000   764776100   784013200
      27010   845023600   846157300   853260200
      28010   918395900   872466600   913533300
      29010   975556400   939785400   980717000
