# Analysis of Merge Sort
# Inputs-size   Best-case  Worst-case Average-case
         10        4200        2500        2700
       1010      114300       99200      127500
       2010      213500      175000      738600
       3010      304400      282900      417700
       4010      367900      369800      561100
       5010      462800      455700      714200
       6010      559900      552200      874600
       7010      671100      653200     1027900
       8010      762700      907200     1222000
       9010      863700      855000     1345600
      10010      978800      952000     1509100
      11010     1061700     1065000     1704700
      12010     1177700     1160200     1830600
      13010     1277000     1269700     2035800
      14010     1409700     1507300     2213600
      15010     1489500     1468400     2350300
      16010     1588000     1635500     2525600
      17010     1696800     1706100     2680900
      18010     1822700     1787300     2883400
      19010     1948200     1900300     3046700
      20010     2032600     2069000     3224300
      21010     2125500     2113200     3452200
      22010     2312500     2226300     3562600
      23010     2340600     2338100     3806000
      24010     2999500     2438700     3874600
      25010     2612200     2558600     4081900
      26010     2713000     2662200     4275600
      27010     2795900     3088900     4776100
      28010     2908900     2863700     4672000
      29010     3046500     2984000     4731000
