# Analysis of Quick Sort
# Inputs-size   Best-case  Worst-case Average-case
         10        1900        1600        1400
       1010     2691300     1967100      102100
       2010    10771700     7676100      221500
       3010    23962300    17554800      369800
       4010    42090200    30673200      469300
       5010    65848500    48516700      627600
       6010    94605800    69193200      734000
       7010   131031200    94033100      889300
       8010   169127000   122355600     1009600
       9010   212401800   156196300     1183700
      10010   265145900   191466500     1308800
      11010   322326900   232445800     1434400
      12010   382588400   276074700     1589100
      13010   444289300   323902000     1769200
      14010   521421800   377352400     1931900
      15010   594871700   430202500     2002200
      16010   676784500   489436700     2190000
      17010   758774800   551800800     2359400
      18010   853751300   626038500     2562900
      19010   963752200   694295600     3570400
      20010  1066271800   767298200     2836700
      21010  1180826300   888701200     2947900
      22010  1284592100   928476600     3114900
      23010  1397596900  1014640500     3288700
      24010  1518945400  1102433500     3385500
      25010  1647384300  1194330300     3564100
      26010  1780567000  1289609300     3840000
      27010  1984392100  1388187100     3877500
      28010  2094631800  1509989800     4014600
      29010  2232234600  1608658800     4297700
