# Analysis of Insertion Sort
# Inputs-size   Best-case  Worst-case Average-case
         10        1400        1400        1300
       1010        4500     1372900      671900
       2010        8200     5381900     2636000
       3010       11600    11818800     6000600
       4010       16600    20976300    10449400
       5010       18700    32505900    16326500
       6010       22200    46772000    23370100
       7010       25800    64531500    31986900
       8010       29500    83310900    42068800
       9010       37600   106078700    53132100
      10010       41400   130877400    65235700
      11010       61500   160370000    80639500
      12010       43300   188127200    93683700
      13010       47000   222298100   111618200
      14010       57100   256690600   130117600
      15010       53600   293340800   147325800
      16010       57200   336749500   166965800
      17010       60800   415071800   206600000
      18010       78600   436333400   226262900
      19010       67700   474114300   239462300
      20010       71200   526653800   264207300
      21010       75100   590748000   297314100
      22010       78400   639243600   317899000
      23010       83700   689835300   348944800
      24010       92800   751735500   375478500
      25010       88900   819577800   411698600
      26010      101400   884890200   448415200
      27010       96000   957003000   480023000
      28010      107100  1025897400   505186000
      29010      103200  1103145200   554838300
